500
0 3 2002 3045 3680 4143 5216 5380 5825 6102 7279 8295 9158 
1 2052 2287 2829 2914 2942 3474 3858 5333 6859 8942 9362 
2 435 1086 1553 5046 5572 6243 7318 8206 8957 9552 
3 598 1824 2755 3082 4589 5065 5468 5516 8127 8947 9109 
4 274 670 1428 1892 2351 4498 4698 5936 6140 8136 8621 9600 9826 
5 150 197 739 2926 4062 6708 7411 7755 8380 8529 9443 
6 3316 3462 3920 5808 7416 9399 9507 9729 
7 1680 1738 2357 3860 4098 4513 4911 6296 6437 6754 9398 9947 
8 282 2270 2791 3553 5173 5892 6579 7433 7542 7571 8893 9539 
9 43 219 1839 1844 2002 2937 3161 3917 5625 8694 8933 
10 102 1103 2279 3232 4737 5405 7526 7597 7920 7952 8066 8983 9337 9960 
11 60 499 646 2187 2688 3989 4154 4219 4225 5898 6068 6871 8753 
12 944 1247 1975 3380 3577 3656 4680 5095 5437 5908 6159 6660 7226 8139 8601 9162 
13 289 335 1405 2768 2799 4367 5239 5642 6375 6595 7419 7784 8305 8980 
14 385 1359 2062 2177 4018 4427 5666 7063 8807 8875 9271 
15 766 2561 3836 4153 4862 6306 6591 7797 8673 9656 
16 20 1060 1550 3103 3556 4715 5677 6577 6729 8085 9185 9783 9840 
17 73 144 200 1831 2027 2829 5947 6421 6902 7615 7705 
18 143 306 350 727 4321 6169 7339 
19 13 708 956 1958 2139 3514 3610 4135 5601 5846 6200 6959 9044 
20 172 511 1671 2160 3140 3899 6271 7979 8120 8552 8593 8742 
21 1457 2006 2138 2907 2908 4043 5052 6034 6411 7193 7791 9520 9557 
22 100 690 1321 1659 5402 6563 8169 9748 9987 
23 34 822 843 1790 2837 2997 3859 4580 5360 6564 6672 6874 7434 8028 8701 
24 396 1150 2811 3305 3978 6493 6752 8276 8575 8695 
25 681 3854 4480 4632 5548 5702 5768 7024 8082 8827 8901 8925 
26 620 639 2143 2261 2900 3307 4103 5630 8280 8403 9394 
27 4194 4217 4747 6789 8153 8477 9351 9408 9763 
28 314 2401 2547 4411 4667 4786 5874 5990 6733 7219 8551 8922 9733 
29 21 1434 1538 2202 2529 2594 3104 4885 5876 6796 6819 8660 
30 182 415 993 1407 1508 2787 3513 3934 4260 6258 7207 7261 9055 9074 
31 292 529 558 867 1353 2362 7011 7076 7087 7488 9276 9510 
32 1171 1601 3837 4038 4123 5403 6003 7468 7514 8079 
33 442 931 1403 2266 2576 4789 5261 8961 9319 9888 
34 310 600 1112 1617 2149 2483 2882 3028 4891 5515 6296 6479 6817 7185 7845 9434 
35 170 2016 2529 2957 6176 6805 7170 8055 8677 8771 9117 
36 765 2264 2458 3444 4079 4543 5004 5063 5988 6470 7852 9526 9644 
37 852 982 1937 3188 3409 4382 4667 5010 5563 6433 6616 8287 
38 80 2011 2368 2505 2622 3853 4463 4790 5228 6161 6509 7939 8013 9576 
39 29 1276 1672 1869 1948 2610 4553 4810 4895 6415 7008 9594 
40 1694 1940 3091 3649 4208 4770 5661 7330 9641 9803 
41 299 1005 1849 2456 2736 3337 5470 6235 6285 8295 8591 8708 8828 8858 
42 712 978 1323 1546 2370 2774 3557 5128 5381 6184 8445 8536 9832 9972 
43 384 469 1777 2390 3441 4308 4646 5352 6429 6954 7993 8287 8544 8797 9354 
44 175 1897 1944 2340 2709 4727 5237 6008 7599 7706 8169 8323 9651 9944 
45 478 831 1858 1965 2794 3004 3663 4003 4793 4799 6068 7158 9083 9600 
46 116 641 1358 1679 4364 5232 6373 6706 8752 8774 8837 9325 9364 9658 9721 
47 133 240 342 765 1380 1405 1632 5149 5179 5947 6634 7522 7681 
48 33 661 707 2518 2889 6313 7421 8640 8941 9399 9945 
49 606 1127 3623 4176 4543 4840 4900 5456 6206 7252 7771 8597 9198 
50 1402 2106 3067 3342 4858 5149 5395 6392 6740 8958 9548 9935 
51 116 652 703 1928 2254 2679 3368 3842 7221 7236 7364 8194 8605 9694 9701 
52 528 878 1820 2501 2556 3878 4013 4965 5913 7461 8591 8773 8947 
53 210 424 1344 3235 4293 6527 7264 7288 8452 8685 
54 695 1099 1526 2170 2767 3910 4028 5032 6526 
55 257 611 1605 1877 2644 2670 2908 3084 4664 5477 7131 7169 7479 8782 9553 
56 11 732 1389 1969 2249 3646 4418 5375 5772 8330 8715 8839 9435 
57 980 1130 2950 4405 4508 4738 4901 5643 6136 6970 7285 8803 9281 
58 681 1187 1700 2778 3735 3786 4338 4514 9638 
59 1293 1693 2041 3721 5305 7982 8602 8774 9604 
60 1549 1795 2385 3032 3455 3627 5408 5623 5999 9453 
61 2545 2978 3060 3565 3843 4747 7549 7776 8664 9423 9722 
62 1217 1362 1651 1988 2563 2847 4044 4470 4700 5553 5909 9951 
63 136 513 517 1058 1507 1579 2419 3141 3514 4924 5771 7680 8709 9414 
64 965 2188 2327 3008 5518 6302 8042 8349 8540 8552 8700 8770 8822 
65 858 1102 1414 1509 1740 1923 5004 5213 5240 6669 6965 7320 7769 8121 
66 773 3282 5479 5639 5811 6242 6458 6473 6558 7349 8883 9128 9932 
67 1049 1783 2529 2761 2910 3853 4236 5248 6000 6386 7718 8192 
68 1321 3067 3676 4570 4883 5387 6072 7636 8008 8686 
69 137 383 1749 2638 2717 2935 3278 5014 6170 7935 8224 8732 9265 9380 
70 138 833 3592 4374 4895 4959 5645 6736 9588 
71 1007 1763 1906 1967 3406 3479 3486 3755 6162 6296 9872 9957 
72 683 3816 3915 3917 6274 6626 6971 8042 8673 9352 
73 135 1416 2650 3319 4724 5057 5519 6052 6250 6327 7323 7640 8268 8723 8951 
74 979 1679 2921 5144 5718 6689 7198 7202 7826 7950 8041 9446 
75 133 1844 3187 3325 5498 6292 6785 6963 7603 9416 9485 
76 812 2461 2623 4210 5378 5803 6152 8254 8351 
77 661 677 917 1551 4789 6320 6724 7527 8310 9282 
78 266 550 1238 1302 1465 1711 1820 3709 4813 5999 6720 
79 356 1786 2961 3735 4548 5504 6457 7136 7775 8541 9307 9668 
80 501 2332 3393 3838 4209 5736 5942 6018 7181 7679 9749 
81 1511 2084 2090 2245 6057 6277 8675 9812 
82 568 798 823 2311 2598 2639 2643 3561 4890 5729 6223 6253 7426 9930 
83 1647 2234 2269 3104 3827 4639 6678 7611 8488 9151 9383 9788 9809 9862 
84 547 889 2411 2784 3182 3330 3581 4955 5188 5670 6547 6908 8152 
85 1820 2804 3123 3384 5516 6857 8249 8558 9025 9609 
86 296 1094 2204 3053 4126 4517 4715 4934 5290 6019 7013 9582 
87 297 790 841 4313 4372 5266 5272 6631 6761 7271 8498 8689 9843 
88 893 2737 3932 5197 5840 5969 6980 7173 7322 7821 8033 8832 9171 9524 
89 385 911 2092 2579 3076 3672 3744 4738 7005 9487 
90 784 1831 2361 3593 4171 4588 5326 5582 6365 6661 6696 7870 8489 8857 8881 9800 
91 427 3881 4769 5017 6583 7368 9113 9897 
92 129 952 1234 1732 1750 3424 3721 5986 6222 9136 
93 529 921 984 1674 2132 2229 3386 4063 4662 5715 5883 8638 9511 9903 
94 146 435 819 1481 1599 2159 2899 3028 4402 9541 
95 1082 2888 3597 3797 4067 4317 4449 4616 4887 5763 5815 6027 7669 
96 230 1515 1751 2861 3765 4241 4953 7136 7366 
97 356 447 887 2551 3139 4290 4801 5704 6817 7018 8538 8707 8997 9881 
98 71 342 1579 2143 2423 3287 4100 4267 4308 4403 8028 8079 
99 1085 2381 3177 4380 5409 7785 8085 8128 8939 
100 774 921 930 1753 2802 3119 4220 5457 5671 5748 5819 7491 8047 8327 9023 
101 92 1412 2464 3058 3230 4452 4823 6875 7709 8035 8584 8770 9901 
102 1785 2487 2713 4147 4370 4439 5173 6203 6641 8480 8491 
103 60 810 3104 4968 5971 6117 6210 6238 6833 7508 9548 
104 431 4341 5576 5823 6124 6168 6722 7445 7645 8427 8819 9195 9989 
105 850 1514 3596 3807 6106 7054 7693 9246 9263 9329 
106 267 1691 1913 2698 3516 4417 5371 5466 5902 8500 9933 
107 984 1399 2211 2686 2797 6569 6643 7946 8410 8664 
108 1380 1450 3226 3784 4387 5764 7092 8606 9552 9597 
109 121 1840 2050 4032 4166 4524 5102 6569 7960 9731 
110 1309 3221 4074 5268 5526 5760 5910 7324 7859 9315 9448 
111 1634 2560 2997 3102 3556 4053 4909 5125 7313 8277 8715 
112 1114 1766 2455 5119 5205 5782 6837 
113 198 496 2499 2960 3068 4126 4747 5715 6554 7448 7889 8314 9186 
114 4989 5169 6822 6977 7407 8004 8385 9417 9890 
115 149 1847 1884 2161 2945 3084 6253 6884 7236 7724 9669 
116 1087 2698 3414 3815 4219 4571 5120 5865 6334 7755 7914 8609 8854 9772 
117 1498 1975 2595 3150 3270 3625 3838 4107 7194 8911 8938 9426 9462 
118 576 1292 1501 1979 2726 3851 6386 6786 8166 8519 9193 
119 59 652 937 2345 2783 3376 4043 4055 4436 4855 5545 5845 6584 6980 7338 7550 7721 8378 9160 
120 2682 3490 4103 4230 6954 7204 8590 8941 8959 9081 9232 
121 452 1793 2742 3581 6275 6593 8426 8975 
122 212 1730 3325 3657 4641 4962 5032 6335 6892 7491 8698 9586 9611 
123 445 671 2078 2105 2449 3651 5421 5528 6601 8646 8986 
124 47 1105 5072 6696 6978 7397 7764 8860 9164 9322 9663 9697 
125 181 651 878 1918 2236 2903 5088 5295 7022 7094 7124 8611 
126 1377 1756 2150 2265 2437 2993 3776 5040 5773 6357 6571 6846 
127 126 1697 3313 3542 4028 4771 4822 5029 5471 5814 6115 6159 6860 7613 9137 9565 
128 2709 3858 7245 7343 7705 8753 8852 9212 9572 
129 1826 2801 2952 4462 5081 5418 5859 7418 7783 8181 
130 252 1942 3236 3525 4746 6405 6600 7377 7671 7956 8325 8913 8974 9216 9311 
131 288 703 909 2829 3655 5590 7141 9618 
132 91 252 374 4063 4615 5601 6060 6914 7239 7378 7878 8043 8118 8134 9906 
133 1609 4467 5733 6229 6782 8074 8911 9150 9222 9523 
134 594 4353 4902 5058 8569 8619 8693 8969 9006 
135 352 399 752 761 826 1194 1354 1444 1672 2915 3093 3586 4129 6189 6284 6722 7312 
136 57 463 2447 3022 5199 5229 6333 7617 8529 8586 9217 9344 
137 11 23 621 1043 4345 5646 8178 8399 
138 398 625 635 1216 1729 3854 4523 4524 5163 7349 7771 8068 8873 
139 73 1069 1581 2327 2928 3335 5228 5552 5556 7292 7756 9855 
140 678 1150 2684 3464 4178 5569 5581 6275 7958 8047 8410 
141 904 960 2168 2587 3709 4769 4984 5090 5328 7741 9845 
142 179 1749 3024 3852 5990 6149 6371 7607 8444 8946 9932 
143 92 451 1889 2583 2839 3893 4333 4936 6063 6430 6511 7706 
144 2822 2881 3813 4033 4096 4730 5407 6270 6549 7269 7909 7926 8472 
145 528 1250 1798 2137 3077 4295 4554 4624 4900 5086 5944 6982 7053 8663 9695 
146 363 922 1688 2233 3522 3795 6001 6385 7133 7596 8285 8733 9476 9877 
147 1073 4326 4440 4995 5130 5234 6650 7050 7069 7266 8538 8795 9482 9490 9813 
148 376 650 3535 4064 4311 4979 5280 5487 5565 5767 6082 6389 6741 7410 8325 8434 8880 
149 898 2442 2469 3488 4542 6443 6883 8040 9294 9340 
150 79 1197 1240 3476 4613 7027 7686 7905 8307 8561 9078 9905 
151 90 684 1522 1721 1990 2370 3315 3848 6413 7116 8855 9383 
152 1733 1740 2143 2221 5359 5642 6371 6901 7702 
153 441 868 1163 1927 1984 4693 5298 5705 6326 6786 6891 8083 
154 108 2439 3021 3325 3796 4387 4998 5460 5491 8188 8882 9709 
155 1735 2781 5557 5640 6027 8882 8967 9624 9999 
156 491 574 1657 2097 2680 3174 3488 3596 4244 4250 4299 4530 4946 6802 8125 
157 1842 2296 2821 4142 5710 5826 6173 6356 6521 7744 7902 8162 8742 
158 908 998 2343 4113 4356 5291 6308 6665 7422 8139 
159 186 526 2448 2611 2797 3660 4641 6543 6942 6954 8193 8493 8935 9488 
160 59 677 3848 4046 5262 6116 7081 8094 
161 71 770 1276 1589 1881 2144 3642 4441 5481 6152 6922 8696 9378 
162 2027 2344 2396 2459 2561 2768 3775 4423 4615 4681 5635 6567 9915 
163 307 652 1332 2497 3187 4510 5715 5964 6488 6577 7338 7777 9897 
164 435 1381 1904 2793 4434 7131 7229 8181 9435 9458 9504 
165 517 2225 3328 3561 3595 4814 4953 5168 7516 8027 9695 
166 854 1145 2270 3858 3877 4296 4757 6271 6665 7737 7949 8321 9343 9931 
167 1468 2287 2953 3103 3453 4089 4342 6937 8455 8841 9112 9565 9618 
168 258 460 1754 1809 2153 4816 5210 6184 6282 9340 
169 318 1859 2321 2808 3762 5196 5812 6659 6833 7270 8408 9687 
170 89 984 1112 1524 1619 2140 2899 3041 3129 4710 8484 8568 8881 9315 9464 
171 283 436 526 1683 1732 3029 3535 3767 4254 8034 9947 
172 185 2565 3337 4140 4431 4594 5457 5972 7871 8286 9034 
173 1 2623 3765 3837 4500 6220 6500 7717 8110 
174 247 3573 3849 4199 4417 4452 5331 6111 7530 8373 
175 224 480 626 834 942 1397 1974 2534 3082 3798 5588 
176 307 1202 1309 2098 2247 4649 4752 4989 6697 8791 9587 
177 2221 2845 3164 5883 7168 7569 7722 8031 9106 
178 11 1711 2466 2762 3001 4548 5322 6560 6575 6627 8315 8519 9225 
179 443 1169 1192 2422 2939 3160 3383 4612 5237 5711 5836 7148 8178 9298 9311 9800 
180 818 3052 3740 4427 5536 6348 6503 6904 9532 9729 
181 831 901 2548 2988 3194 5108 5418 6658 6839 7413 8378 8815 8840 9215 
182 174 529 1962 2740 5183 5915 6267 7129 7350 8031 8389 8507 
183 1672 1675 2380 2568 3560 3760 4954 5415 6110 8554 9950 
184 216 1051 1126 1646 1818 2141 2577 2723 4210 4717 5736 8880 9374 
185 89 425 980 1084 1532 2610 2735 3709 3781 4043 8780 8966 9473 
186 661 1782 2207 4721 5058 6242 6661 6770 7057 8886 
187 71 735 874 1187 3874 4565 4897 5528 7327 9132 
188 387 1093 1336 2127 3665 5716 6234 6547 7283 8035 8542 9601 
189 868 1236 1619 4824 5196 5222 5567 5970 6237 6459 7119 
190 209 1055 1196 2917 3906 7375 8086 8388 9235 
191 357 1317 1798 2046 5236 5678 6383 7449 8016 8814 
192 57 3750 4208 4253 4328 4534 4604 4627 6161 6555 8840 8997 9728 
193 266 406 1558 1627 5372 5600 6068 6216 7491 9290 
194 3 185 212 1453 2495 2892 4522 7112 8920 9006 9196 9684 
195 193 199 634 968 1494 2262 3231 3607 4041 5435 5752 7721 9125 
196 594 626 651 2375 3567 3714 3804 4078 4234 4931 7558 8057 8252 8874 
197 2353 3668 3748 3766 4281 4579 5581 5680 6103 7670 8187 9134 9197 
198 510 1189 2661 3415 4395 6340 6731 9143 
199 7 710 2134 4290 5450 6252 7615 8041 8731 9226 
200 1243 1444 1909 2638 3781 5303 7369 7387 7465 7988 8170 8710 
201 304 1508 2313 3740 4042 5384 5825 5953 6283 7097 7405 9718 9921 
202 405 3449 3494 3936 3954 4750 4795 5968 6301 8048 8970 
203 1117 1691 2184 2626 3452 5181 7261 7724 8413 8767 9216 
204 71 453 600 1388 3551 5015 7087 7391 7477 7633 9198 
205 636 925 1421 3066 3116 3359 4780 4882 4914 6712 9106 9380 
206 93 188 869 1508 2263 2661 3293 3328 3353 3771 6408 6487 6616 7851 
207 398 1379 2690 2916 3045 3470 4901 5585 6356 6503 6717 7085 7308 7734 9470 
208 328 428 788 791 3412 3662 4028 5836 7519 7581 8977 8986 
209 103 1862 1947 2295 2931 3254 4894 5737 8810 9047 9281 
210 1573 3442 4336 5181 6747 6791 7430 8131 8153 9235 
211 2156 3435 5130 5550 5851 6261 6338 7460 8945 9388 9731 
212 3736 3896 4424 5344 6142 7050 7218 7229 
213 502 2666 2758 2981 3375 3634 4417 6712 7250 7754 8368 9047 
214 909 1302 2044 3682 3773 5659 6178 7041 7137 7686 
215 2960 3093 3101 3244 3766 3801 4808 6268 6435 7067 8227 9962 
216 3 40 275 2815 3910 3996 5606 6801 8775 9017 
217 663 1725 1852 2172 4588 5858 5918 9062 9279 9617 
218 1607 3160 3881 4007 4304 4387 4790 4979 5962 6433 6437 8237 8512 
219 2685 3591 4412 4422 6214 7532 8058 8850 9890 
220 1219 2277 4226 5204 5207 6392 7155 7807 8234 9454 
221 19 946 1066 1829 4635 6397 6601 6628 6707 8082 8293 8920 
222 533 874 1218 2674 5548 6106 6301 6737 7062 7343 7616 8101 9605 
223 1257 1280 1477 2852 3542 4682 5646 5847 
224 214 400 3599 4879 5775 6109 6208 6447 6545 6742 7365 7439 8727 8923 
225 1280 2620 2677 3117 3504 4468 5742 6984 7071 8427 9105 9128 
226 733 895 1855 2108 3039 3457 3770 6167 9273 9910 
227 1748 2392 2711 3220 3224 4766 5956 6941 7358 7616 8720 
228 1945 2875 3435 3686 3826 4399 4609 5538 7182 7218 7816 7919 8495 9178 
229 1077 1976 2709 2766 3879 5296 5617 5743 5790 7056 7071 
230 644 1087 1493 1681 2572 2902 3407 4173 5628 5843 9264 
231 45 1141 2430 2631 2674 3948 4277 5058 6459 7188 9456 
232 483 1213 2694 3684 4566 5409 7047 7358 9122 
233 1244 1413 1755 1839 2457 2933 3323 4429 6050 6898 7852 8495 9318 9337 
234 1163 3887 5309 5778 6393 6405 7987 8478 8810 8877 9909 
235 762 1761 3388 3569 5234 5344 5559 5819 5824 6281 7398 
236 40 336 772 872 1113 2536 2788 4423 5874 7635 8503 9359 9721 
237 97 3336 3544 3683 3710 6768 8605 8892 9142 9262 
238 256 273 1346 1812 2029 2212 3016 4077 5439 5788 7581 7897 9476 
239 808 1322 1486 1755 2158 2974 4380 7028 8536 
240 40 426 2436 3074 4546 5080 5346 5376 6082 9078 9478 
241 675 866 919 977 3111 3118 3873 6173 6570 6882 7667 7670 7917 
242 539 1484 2155 4360 4637 5579 7123 8582 9059 9119 9313 
243 1936 2540 3552 3870 4844 5463 7995 8153 8177 8179 8381 9347 9623 9768 
244 107 3512 5617 5633 5816 7992 8455 8619 8664 
245 163 291 2290 3775 4843 5329 6701 8013 8040 9156 9412 9481 9895 
246 160 1143 3005 3570 5714 5965 7459 8042 8819 
247 199 1469 2700 2732 3590 3887 4404 5849 6110 6222 6513 9009 9965 
248 300 1941 2898 4226 4521 5433 5546 5568 6338 6702 7173 7304 7663 7673 7886 7944 8365 
249 751 1469 1973 4394 5893 6388 7643 7973 9185 9268 9610 
250 156 407 555 1492 2109 2326 2979 3588 4427 7860 9007 9980 
251 137 787 3026 3539 4179 4255 5730 5767 6038 6889 7007 7369 8808 9339 9349 
252 396 685 2430 2774 3133 3155 4586 4970 6748 7080 8580 9853 
253 1811 2340 2894 3642 3759 3796 4629 7261 8572 8691 9646 
254 1359 1881 2340 4691 6155 6410 6449 7048 8642 9285 9731 
255 537 2594 3596 4227 5420 8511 8649 8975 9198 9828 
256 110 195 1081 2215 3640 3911 4394 4439 6180 7706 7791 9113 
257 25 344 3014 3401 6446 7103 7600 7669 8023 9771 
258 382 750 1472 1956 1960 2471 4236 4768 4912 5471 6322 7720 7747 8865 
259 2125 3184 3462 4014 6307 6795 6813 7199 7312 7352 8220 9961 
260 71 1090 1210 1401 1543 4622 4862 5817 6130 7426 7593 7620 7883 9269 
261 1235 2181 2244 2858 3454 3646 4064 4717 6937 7531 7844 
262 70 237 476 4534 6578 6795 6829 7110 7788 7873 8670 9016 9821 
263 721 1131 2339 2928 3523 4047 4610 5365 5732 5794 6043 6160 6711 
264 174 235 471 1214 2154 2186 3547 3582 6875 7788 9983 
265 648 995 1024 1481 2719 5270 5609 6969 8541 
266 1013 1441 2488 3608 5742 6605 6771 7098 8443 8744 9336 
267 1262 2139 2290 2743 2959 3158 4475 5560 7271 7914 
268 1553 1665 1859 2106 2246 3098 3508 3748 3772 3777 7910 9294 9488 
269 1116 2371 3387 4115 5766 6040 6404 8758 8799 9969 
270 61 852 994 1367 2171 2454 3410 4801 4867 5508 8354 8649 
271 452 1875 2300 2638 3466 3716 7257 8583 8660 
272 269 1838 2599 2774 3214 5333 6004 7919 7996 8504 8615 8753 8851 
273 955 1449 3688 4128 4854 5000 5572 6164 6507 7309 9617 
274 65 2144 2196 3325 3750 3872 3968 5173 5196 9585 
275 1541 1646 3940 6023 6840 7383 8315 8402 8733 9083 9211 9586 
276 567 921 1230 1358 2036 2529 4260 4986 6385 6610 7651 8116 8516 8846 9953 
277 393 1213 2236 2240 3923 4731 4929 5058 5414 5415 6633 6659 
278 298 492 2453 3218 3846 4766 5478 6115 7825 
279 3264 3536 4172 4895 6098 6444 6661 6999 
280 754 1171 1336 1455 3968 4535 6560 6737 7025 8890 
281 3012 4843 6885 7269 7609 7779 8747 8792 8906 8926 9946 
282 834 1457 1844 2131 2245 3589 3944 5961 6309 7270 9723 
283 109 1194 1635 2382 2474 4190 4630 6774 7972 8593 
284 824 1825 3605 4005 4466 4750 7907 
285 819 1324 1783 2405 2978 4082 6794 7080 
286 518 835 1569 1992 2945 3484 3610 4398 6765 7612 8611 8880 9155 9369 
287 713 2861 5001 5701 6809 7444 7967 8147 8375 8528 9344 
288 404 562 577 925 1083 2305 2395 2452 2528 3331 4217 6570 9407 
289 1862 3912 4128 5267 5641 6405 6742 9469 
290 427 2793 3552 3723 3954 4896 5033 5320 6328 6660 8977 
291 796 867 1104 1418 3299 4038 4232 4603 5525 6401 6622 8392 8441 
292 1298 1371 2220 2931 2944 3885 4246 4317 6227 8082 8233 8423 
293 2146 4084 4653 5073 5351 6066 7121 8651 9810 9847 
294 9 22 578 663 2706 4177 5301 7022 9915 9926 
295 809 1782 2263 2833 3395 3405 4585 4938 5641 6222 7833 7892 9269 9332 9657 
296 493 661 2146 3309 5025 6878 7620 7646 8571 
297 418 424 703 1943 2018 3252 3498 6129 7188 8071 9841 9912 
298 975 1116 3036 4904 6703 7958 8023 8542 
299 764 2104 4246 4549 5343 5873 6671 6740 8308 8417 8672 9851 
300 523 531 769 1298 2214 2234 3448 9296 9774 
301 1100 1614 2288 2779 2964 4874 7526 7794 7948 8265 9364 9937 
302 276 712 736 1639 1999 2086 2272 2314 2866 2872 8392 8423 
303 703 873 1901 2028 2446 4153 4346 4603 5224 6233 6884 7618 7730 8089 9517 
304 536 686 905 2253 3502 3584 5560 5931 8210 8244 
305 803 4222 4389 4719 5309 5743 6505 7439 7979 9111 9532 9864 9912 
306 767 789 1736 3153 4221 4239 4780 6478 6523 6950 8291 9974 
307 989 3008 3564 4754 5206 5214 5482 6349 7052 7076 7183 9369 
308 962 1558 4284 4996 5053 6287 9257 9929 
309 1157 1415 1461 2337 2388 2627 2883 3273 4312 5229 6458 7277 
310 1022 1047 2631 5719 7088 8964 9158 9396 9498 
311 602 617 2560 3876 4235 4866 5262 5946 6555 9179 9882 
312 529 648 3049 3088 5417 5478 5550 5848 6271 7143 7622 7627 8330 
313 1094 1920 2537 2897 3383 4390 4652 5466 6058 6164 7005 7239 7740 9001 
314 417 490 919 1265 1531 1554 2125 4084 4726 4740 5899 6047 8817 8881 9190 
315 44 643 1112 1369 1570 2764 3709 4569 4636 6873 7164 7202 7445 7579 8040 9520 9806 
316 1514 1696 2121 3068 7470 8542 8926 9482 9952 
317 732 901 1278 1813 3012 4220 5356 7245 9103 9549 9651 9960 
318 1267 1989 4338 4633 6083 6913 7270 8695 9469 9612 
319 1231 1992 2017 2018 4609 6876 6904 6962 7354 8040 8856 9391 9918 9927 
320 280 1270 2644 3522 4601 6225 7143 8720 9949 
321 266 3401 3436 4154 4483 6035 6304 6390 7709 8301 9114 
322 630 3094 3440 3607 3714 3846 4725 6289 6838 7381 
323 2420 2878 3233 3480 3724 5408 7866 7920 8239 8456 9131 
324 650 1332 2807 4014 5397 5609 5935 8500 9529 9838 9974 
325 1243 1350 2809 3872 4586 5496 6356 6777 6877 9300 9448 
326 868 993 1184 1885 2449 2962 4110 4282 4626 5557 6326 6639 6887 8517 9270 9307 
327 111 1506 1530 3655 4325 4533 6437 9087 9235 9611 
328 784 1144 1608 2065 2314 2801 2829 3117 4117 5125 5171 7029 8708 
329 323 610 1481 2089 4894 6048 6160 6992 8089 8915 9424 
330 37 559 824 1113 2329 3373 3738 6053 6408 8065 8940 
331 151 1237 1837 2116 2868 3466 4477 7023 7534 8618 9002 9063 9270 
332 403 707 812 1820 2588 3341 6124 7009 7709 8048 9976 
333 176 385 394 2390 3609 3785 4716 4958 5347 5756 8818 9012 9875 
334 546 988 4500 5353 6342 7685 8198 9853 
335 2999 3031 3043 3080 4778 4784 5145 6059 6721 7678 8012 8368 8414 8551 8758 9197 
336 2256 2405 2449 2623 2697 3765 7612 8043 8180 8893 9662 9858 
337 1390 2443 4206 4217 5543 5545 6246 6339 
338 1592 3656 4914 5754 6858 7067 8672 9488 
339 1849 2422 3927 4309 4518 5070 6600 7225 7519 8111 8941 
340 189 842 4073 5101 5211 5751 6530 6825 8477 9370 9595 
341 105 259 270 1753 2112 4181 5188 6073 6241 7552 8836 9024 9500 9706 
342 247 392 556 2130 2145 2497 2659 2760 3983 6301 6538 6898 
343 588 1896 2595 3178 4607 4670 5288 6651 7603 8456 9085 9140 9355 9607 
344 424 1381 2008 2333 2733 3345 3548 4320 5288 5441 6539 7201 7671 
345 1344 1793 2620 2748 3104 6890 7440 8477 9330 9639 
346 682 734 1738 3093 4829 5426 6018 6141 7430 7460 8841 
347 493 888 923 3448 7027 7521 7657 8266 8727 9815 
348 131 862 899 2126 4542 5080 5522 7168 7312 7400 
349 62 67 1538 1981 3344 3970 5781 5847 6603 7617 8888 9272 
350 78 394 1351 2277 2393 4046 4168 6169 7675 8066 8210 8213 9253 
351 440 1522 2059 2088 2388 3229 4785 5932 6056 6988 8442 
352 243 2027 3393 3475 4533 4561 5171 5997 6291 6513 7322 7780 8617 8816 
353 992 2024 2777 3880 4131 5026 5413 5949 6614 8107 8499 8729 9671 
354 436 1029 2012 4937 5755 7095 7371 9196 9206 9456 
355 1234 3320 4155 4991 5471 5868 6569 6708 6885 7583 8313 9202 
356 1937 3575 3631 4521 5099 5395 5750 5973 6471 6654 8237 
357 233 482 3076 5456 7188 7931 8375 8381 9105 9403 
358 594 1898 2007 3232 3830 4589 4970 5928 6390 7982 8032 8737 9163 9758 
359 2348 2452 2835 2934 5087 5148 7073 9297 
360 485 2306 3287 4145 4862 5586 6053 7290 8013 8247 9048 9732 
361 1989 2067 2654 4966 5864 6660 6674 9601 
362 125 733 951 1227 1863 2316 2798 3692 5020 5127 8434 
363 2554 3352 4186 5089 5148 6689 7669 7740 7855 8165 8734 
364 3733 4294 5252 6086 6567 7638 8098 8387 8490 8620 8827 9731 
365 875 1954 1965 2075 2927 3598 3830 4270 6461 8287 9786 
366 1596 2148 2969 3481 4045 8059 8159 8312 8654 9363 
367 1526 2228 2975 3215 3269 3815 4045 4448 4931 5468 5782 
368 171 231 1644 1755 1797 2608 2696 4121 5192 6879 7012 7306 
369 126 495 954 2153 3157 5617 5895 6546 6742 8885 9616 
370 585 980 1692 3666 3752 4466 4717 5152 5718 5724 6758 9529 
371 430 1348 1789 5001 5289 5480 6133 6189 7070 7247 7272 7575 
372 654 668 1067 1081 2273 2732 4382 4894 5064 7097 8115 8141 8276 9308 
373 72 2091 3990 5248 5667 5704 6116 6154 6409 8526 8562 8584 9805 
374 142 2871 3480 3671 4299 5279 6092 6703 9167 
375 1234 1388 1973 2041 2179 4864 7962 8709 9047 9726 9816 
376 159 366 1310 2430 2931 3927 4116 4447 5150 7290 7439 7960 9045 
377 1597 1648 1685 2893 5238 5988 6483 8695 8698 9915 
378 2019 5075 6670 6885 6958 7451 7506 9108 9300 
379 547 748 1948 3608 4512 4665 5560 6054 7158 7731 
380 1666 2507 3854 4522 7815 8328 8382 8533 8775 9972 
381 36 389 597 899 2342 3405 6041 6391 6939 8090 8963 9788 
382 625 1783 3233 5173 5225 6921 8404 8986 9154 9687 
383 616 1304 1770 2431 3390 5643 6462 6513 7531 8969 
384 343 1326 2100 2612 3522 4127 5587 7176 7762 8466 8930 9274 9304 
385 675 947 1114 3791 6040 7571 7589 7997 9808 
386 846 1875 4459 4559 4988 5849 6200 6750 7553 8123 8700 8750 8965 
387 85 859 1056 1508 3113 4119 4263 5164 7110 8676 8747 9380 
388 536 1794 2266 2874 3373 3735 4649 4720 5646 7310 7318 9205 
389 259 296 1896 2226 3270 3499 4557 4687 4857 4946 5144 8194 8441 
390 777 1506 1801 2641 3624 5089 5310 5661 7100 9988 
391 516 2421 2806 3237 4840 5244 5679 6868 8067 8187 9427 
392 1386 2162 3619 5453 5554 5683 8503 8738 
393 1884 2030 3247 3328 3750 5378 6329 6405 8865 8881 8948 
394 1468 2771 3672 3824 5813 6523 6842 7668 9016 9424 9437 
395 957 1335 2457 2956 5617 8282 8434 8847 9362 
396 2385 2424 3160 3216 3621 4209 4372 6036 7177 7406 7987 8694 
397 654 922 1307 1456 1999 2886 4740 5583 5609 7084 9140 
398 1136 1183 1885 1888 3729 7262 7516 7966 9326 
399 1338 2285 3126 4188 5066 5879 7607 8636 8972 9276 9543 
400 300 623 2200 2241 3566 3679 3808 4173 4290 4639 5155 8497 
401 927 1230 1802 5743 6433 6584 6659 6712 7736 7967 8880 9258 
402 375 500 2798 3306 4384 8060 8465 9153 9420 
403 3579 3657 3970 4287 6506 6675 7372 8025 8053 8056 8243 8298 9437 
404 703 1251 1405 1414 2902 4047 4208 4433 4501 4556 6347 6379 6743 8961 9367 9377 
405 171 482 1358 3261 3598 5176 6170 7060 7259 7602 7862 7972 8218 8517 9497 
406 357 929 1934 2878 3618 5369 5783 6366 6668 7307 7714 
407 385 1781 2252 2415 2745 3456 3887 3909 4658 7665 7937 9438 9541 
408 813 1135 2300 2506 3330 5871 6019 6361 7088 7521 9428 9883 
409 160 512 1026 1135 1256 2031 3059 3236 3699 4692 5890 7105 7356 8610 
410 260 1746 1895 3731 3759 3956 5149 5222 5356 6623 7085 8772 
411 388 1023 2622 2840 2912 6235 6463 6592 6719 7296 9607 
412 1609 2754 4157 5237 5728 5832 5923 7774 8056 9960 
413 930 1336 2122 2528 2886 3149 4838 7361 8970 9336 9410 
414 1250 1487 4031 4400 6186 7559 8275 8479 9360 9452 
415 394 438 1139 1188 1388 4733 4987 5332 7324 8768 9685 
416 168 1144 2562 2666 3028 3541 3941 5056 5126 5484 6906 7021 8579 8844 
417 294 857 1023 1091 1580 1970 2272 5098 5791 7752 8953 
418 88 946 1664 1728 2102 2334 4355 4411 5357 7943 
419 1744 1938 2479 4008 4939 5217 6190 6479 7847 8442 
420 3162 3296 4056 4295 5571 6064 9166 9461 9532 
421 581 2847 3031 3798 4292 5659 6754 7342 8476 9620 9625 
422 148 440 730 3587 4172 5201 5737 7900 7936 9092 9808 
423 402 861 1310 1749 3954 4597 4746 5965 6691 7574 9647 
424 122 228 2428 2806 3611 4897 5437 6071 6629 7129 
425 1351 1617 1727 2638 3229 3839 4425 4602 5367 6333 7970 8104 9540 
426 232 1154 1419 2239 3509 3620 4364 5389 5717 6039 7031 7594 
427 814 1992 2732 3861 4278 4586 4655 5117 5275 7971 9281 9341 9392 
428 190 1649 3761 4041 4126 4629 5448 6265 7793 8261 9005 
429 364 1486 2625 2778 3823 4104 4761 4848 5572 7024 7704 
430 996 1041 4560 5707 6324 6815 7032 7231 8892 9899 
431 365 2103 2108 4279 5062 6225 6792 6858 7529 7914 7992 8344 
432 941 972 2105 2788 3020 3700 4505 5237 5583 6980 7574 7833 7949 7974 8886 9495 
433 56 661 782 1655 2418 2569 7000 7075 7292 7642 7983 8916 9931 
434 440 763 896 2299 3065 4607 6426 7991 8281 
435 180 341 1108 2263 3711 4963 9502 9595 
436 782 820 1187 2496 3699 3879 4099 4168 4709 4786 5729 5816 6270 6504 7762 7954 8450 9669 
437 1074 1573 2856 3471 3631 4901 4985 6416 8253 8432 8751 9594 9725 
438 1588 2840 4968 5387 6068 6504 7780 7931 8013 8198 9755 
439 821 3379 3967 4392 4668 4945 5314 5622 7363 7670 8418 8859 9548 9731 9876 
440 673 1176 1688 1797 3372 3807 4424 5488 5814 6486 6961 
441 866 2338 4292 4924 7114 7386 7773 8438 9276 9486 
442 2413 2987 3995 4355 5220 5417 8577 9070 9544 
443 164 1722 1737 2588 3426 3621 4316 6945 7586 7662 8014 8181 8368 
444 1150 3070 3594 3900 4717 5383 6333 6499 7000 7371 7940 8096 
445 937 1256 1305 1521 2094 2192 2384 2531 3620 6370 7240 8337 9220 9752 
446 17 739 1932 2881 3576 4090 6173 6484 6638 7002 7553 8081 
447 537 617 2045 2421 2764 3742 4159 4478 7746 8603 8780 9298 
448 256 1395 1704 1861 2448 3666 4251 5889 6357 7314 7618 9024 
449 70 782 1624 1761 3497 4667 4795 5128 5361 5414 5749 7981 
450 1953 2448 3904 4261 5091 6948 8120 9784 
451 1641 3287 3340 4720 4844 5225 5356 6565 7728 7796 8120 8694 
452 2496 3103 3608 4211 4744 4821 5495 6739 6923 9267 9446 
453 1390 3072 4424 6404 7011 8000 8720 9066 9567 
454 2629 3534 3952 4018 4751 4996 5509 9682 9961 
455 562 2466 3470 3744 4015 4937 4986 5072 5298 6255 6416 
456 193 1277 2168 2619 2722 3355 4055 7346 8462 8838 9590 9962 
457 140 614 941 1148 2993 5337 6801 6835 9041 9192 
458 4770 4966 5690 6788 6927 7936 8766 8804 8992 9208 
459 984 1755 2187 2501 3957 4967 5152 5434 6569 8243 9321 
460 1583 2092 3355 3411 4920 5676 6063 6071 6325 6908 6962 8464 9265 9315 9355 
461 425 1402 1753 1780 2129 2398 3401 3450 5166 6935 8005 8669 8788 
462 881 1102 1312 1628 2501 4027 4226 4940 6154 6829 6935 6981 9794 
463 547 1383 1386 2428 2899 4879 5122 5259 6582 8668 8809 9798 
464 1852 2425 2532 5168 6433 6955 7963 8436 8957 9106 
465 385 922 936 1174 1906 3915 4013 4527 5104 5370 5826 6796 9906 
466 140 795 1278 1710 3369 4004 4799 5761 5826 8760 8799 
467 376 523 805 1529 1816 2093 3075 3581 3942 4675 4946 5641 
468 224 753 1397 1473 1815 4341 4719 6076 6200 6804 6851 7004 8371 8410 
469 288 307 1285 1312 2489 4115 4722 8211 8597 
470 1196 2776 3670 3758 3831 4365 4635 6179 7633 7774 8727 9377 
471 156 248 1796 2610 4429 4475 4543 5686 8233 
472 2221 4737 5616 6995 7062 7166 7455 9946 
473 62 253 939 3997 4573 4800 6762 7041 7372 7820 8331 8940 
474 909 2297 2380 4755 5657 6348 6428 7855 7997 8473 8820 9718 
475 358 744 834 1890 2155 3950 6142 6217 7188 8135 8759 8873 9605 
476 444 552 990 1705 1848 1892 3014 3837 5446 5992 6880 7681 8147 8543 8924 9150 
477 222 938 2571 3285 3343 3426 3541 3832 6284 6881 8043 9221 
478 8 95 1022 1099 3022 5162 6942 8407 9464 9682 
479 609 851 4679 5234 5793 5872 6112 6143 6719 7092 7593 8085 8345 8363 9631 
480 385 1110 2005 2882 4448 5070 5821 6395 6987 7587 8336 9876 9968 
481 1159 1346 2663 3118 3201 3812 4310 4785 6233 7321 8049 8306 9973 
482 2566 3908 4516 4582 5055 6508 6830 7043 7964 
483 286 359 2142 2995 4566 5769 7898 8065 9049 
484 79 456 550 669 930 938 1140 2710 3393 4743 4965 6056 6129 6508 9584 9703 
485 1504 3184 3265 3266 3636 4259 4454 7692 7873 8642 8723 8813 
486 55 329 686 1084 1814 2319 3229 3509 4638 5087 6483 6975 7583 
487 460 1698 1769 4414 4429 4504 4819 6095 6695 7120 7907 8178 8856 9950 
488 562 852 2122 2880 3400 4302 4607 4948 5458 5895 7876 
489 6 536 2950 3195 3418 4254 4597 5310 6281 6449 8223 9934 
490 661 2365 2434 3020 5680 5847 6502 7834 8625 9146 9341 
491 1 2948 4632 6261 6391 6531 7699 8537 8957 9514 9812 
492 5087 5137 5890 6966 7021 7638 7834 8516 8735 
493 140 685 2999 3023 3455 4581 5933 6496 6755 8239 9157 
494 1175 2535 2803 4116 4970 4995 7714 8375 8635 8648 9221 
495 897 2422 3517 4615 5198 5533 5979 6439 7243 7947 9478 
496 697 744 1515 4660 4909 4987 5608 5688 5742 5934 6385 6421 6503 6641 7175 9736 
497 997 1593 2211 2466 3094 3689 4852 5636 5710 5740 7007 8222 8739 9202 9364 
498 1084 1430 1577 1978 2019 3248 4310 5413 6034 6333 8245 9676 9999 
499 1 447 2143 2445 3026 3908 5981 6209 7515 7714 8250 
